0 74 9.3984375 30 0.2
2 74 9.3984375 40 0.2
4 74 9.3984375 50 0.2
6 74 9.3984375 50 0.2
8 74 10.296875 50 0.2
10 74 10.296875 60 0.2
12 74 10.296875 60 0.2
14 74 10.296875 60 0.2
16 74 10.296875 60 0.2
18 74 10.296875 60 0.2
20 74 10.296875 60 0.2
22 74 10.296875 60 0.2
24 74 10.296875 60 0.2
26 74 9.3984375 60 0.2
28 74 9.3984375 60 0.2
30 74 9.3984375 60 0.2
32 74 8.6015625 70 0.2
34 74 9.3984375 70 0.2
36 74 10.296875 70 0.2
38 74 10.296875 70 0.2
40 74 10.296875 80 0.2
42 74 10.296875 80 0.2
44 74 10.296875 80 0.2
46 74 10.296875 90 0.2
48 74 10.296875 90 0.2
50 74 10.296875 90 0.2
52 74 10.296875 90 0.2
54 74 10.296875 90 0.2
110 74 2 60 0.2
112 74 2 70 0.2
268 74 4 130 0.2
338 74 2 150 0.2
346 74 8.6015625 -10 0.2
348 74 7.8984375 10 0.2
350 74 8.6015625 10 0.2
352 74 8.6015625 20 0.2
354 74 8.6015625 20 0.2
356 74 8.6015625 20 0.2
358 74 9.3984375 30 0.2
360 74 9.3984375 30 0.2
0 72 9.3984375 50 0.2
2 72 10.296875 60 0.2
4 72 10.296875 60 0.2
6 72 10.296875 60 0.2
8 72 11.203125 60 0.2
10 72 11.203125 60 0.2
12 72 11.203125 70 0.2
14 72 11.203125 70 0.2
16 72 11.203125 70 0.2
18 72 11.203125 70 0.2
20 72 11.203125 70 0.2
22 72 11.203125 70 0.2
24 72 11.203125 80 0.2
26 72 10.296875 80 0.2
28 72 10.296875 80 0.2
30 72 9.3984375 80 0.2
32 72 9.3984375 90 0.2
34 72 9.3984375 90 0.2
36 72 10.296875 90 0.2
38 72 10.296875 90 0.2
40 72 10.296875 100 0.2
42 72 10.296875 100 0.2
44 72 10.296875 100 0.2
46 72 10.296875 100 0.2
48 72 10.296875 100 0.2
50 72 10.296875 100 0.2
270 72 4 110 0.2
342 72 7.8984375 -10 0.2
344 72 7.8984375 10 0.2
346 72 7.8984375 20 0.2
348 72 7.8984375 30 0.2
350 72 8.6015625 40 0.2
352 72 8.6015625 40 0.2
354 72 8.6015625 40 0.2
356 72 8.6015625 50 0.2
358 72 9.3984375 50 0.2
360 72 9.3984375 50 0.2
0 70 10.296875 50 0.2
2 70 10.296875 60 0.2
4 70 11.203125 60 0.2
6 70 11.203125 60 0.2
8 70 11.203125 70 0.2
10 70 11.203125 70 0.2
12 70 11.203125 70 0.2
14 70 11.203125 80 0.2
16 70 11.203125 80 0.2
18 70 11.203125 80 0.2
20 70 5.6015625 100 0.2
22 70 6.703125 100 0.2
30 70 4.703125 110 0.2
32 70 4.703125 110 0.2
34 70 4.703125 120 0.2
36 70 4.703125 110 0.2
38 70 10.296875 120 0.2
40 70 10.296875 120 0.2
42 70 10.296875 120 0.2
44 70 10.296875 120 0.2
46 70 10.296875 120 0.2
48 70 10.296875 120 0.2
50 70 10.296875 120 0.2
52 70 10.296875 120 0.2
190 70 5.6015625 -120 0.2
192 70 5.6015625 -120 0.2
194 70 5.6015625 -120 0.2
196 70 5.6015625 -130 0.2
280 70 4 140 0.2
342 70 7.296875 30 0.2
344 70 7.8984375 40 0.2
346 70 7.8984375 40 0.2
348 70 7.8984375 50 0.2
350 70 7.8984375 50 0.2
352 70 8.6015625 50 0.2
354 70 8.6015625 50 0.2
356 70 8.6015625 50 0.2
358 70 9.3984375 50 0.2
360 70 10.296875 50 0.2
0 68 11.203125 60 0.2
2 68 11.203125 60 0.2
4 68 11.203125 70 0.2
6 68 11.203125 70 0.2
8 68 11.203125 80 0.2
10 68 11.203125 80 0.2
12 68 11.203125 80 0.2
14 68 11.203125 80 0.2
40 68 4 100 0.2
42 68 10.296875 130 0.2
48 68 10.296875 140 0.2
190 68 4.703125 -170 0.2
192 68 4.703125 -170 0.2
194 68 4 160 0.2
220 68 2 -150 0.2
338 68 6.1015625 20 0.2
340 68 6.703125 40 0.2
342 68 7.296875 50 0.2
344 68 7.296875 50 0.2
346 68 7.296875 50 0.2
348 68 7.8984375 40 0.2
350 68 9.3984375 30 0.2
352 68 10.296875 30 0.2
354 68 10.296875 40 0.2
356 68 10.296875 40 0.2
358 68 10.296875 50 0.2
360 68 11.203125 60 0.2
0 66 11.203125 60 0.2
2 66 11.203125 70 0.2
4 66 11.203125 80 0.2
6 66 11.203125 80 0.2
8 66 11.203125 80 0.2
10 66 11.203125 90 0.2
12 66 11.203125 90 0.2
36 66 4.296875 60 0.2
38 66 4.703125 50 0.2
40 66 4 50 0.2
48 66 2 50 0.2
190 66 4 150 0.2
192 66 5.1015625 150 0.2
240 66 2 -30 0.2
260 66 4 -40 0.2
306 66 4.703125 160 0.2
326 66 9.3984375 -50 0.2
330 66 9.3984375 -20 0.2
334 66 9.3984375 0 0.2
336 66 9.3984375 40 0.2
346 66 7.296875 -20 0.2
348 66 7.8984375 20 0.2
350 66 9.3984375 30 0.2
352 66 9.3984375 40 0.2
354 66 10.296875 50 0.2
356 66 10.296875 50 0.2
358 66 10.296875 60 0.2
360 66 11.203125 60 0.2
0 64 11.203125 80 0.2
2 64 11.203125 80 0.2
4 64 11.203125 90 0.2
6 64 11.203125 90 0.2
8 64 12.203125 90 0.2
10 64 12.203125 100 0.2
22 64 5.1015625 50 0.2
38 64 2 50 0.2
180 64 2 -50 0.2
182 64 10.296875 -10 0.2
184 64 10.296875 10 0.2
186 64 10.296875 30 0.2
188 64 10.296875 30 0.2
190 64 4 150 0.2
192 64 5.6015625 160 0.2
194 64 5.1015625 150 0.2
196 64 4 150 0.2
198 64 4 160 0.2
240 64 2 10 0.2
262 64 4 -30 0.2
304 64 4.703125 -160 0.2
306 64 5.1015625 160 0.2
308 64 5.6015625 140 0.2
320 64 6.1015625 -120 0.2
322 64 6.703125 -90 0.2
324 64 8.6015625 -70 0.2
326 64 8.6015625 -50 0.2
328 64 9.3984375 -40 0.2
330 64 9.3984375 -30 0.2
332 64 9.3984375 -20 0.2
334 64 9.3984375 -10 0.2
336 64 8.6015625 -10 0.2
344 64 9.3984375 20 0.2
346 64 9.3984375 30 0.2
348 64 10.296875 40 0.2
350 64 10.296875 50 0.2
352 64 10.296875 60 0.2
354 64 10.296875 60 0.2
356 64 10.296875 70 0.2
358 64 10.296875 80 0.2
360 64 11.203125 80 0.2
0 62 11.203125 90 0.2
2 62 11.203125 100 0.2
4 62 11.203125 100 0.2
18 62 4.703125 -10 0.2
20 62 4.703125 20 0.2
30 62 2 50 0.2
164 62 2 0 0.2
176 62 9.3984375 0 0.2
178 62 10.296875 20 0.2
180 62 10.296875 20 0.2
182 62 10.296875 20 0.2
184 62 10.296875 30 0.2
186 62 10.296875 40 0.2
188 62 10.296875 40 0.2
190 62 10.296875 60 0.2
192 62 6.1015625 160 0.2
194 62 5.1015625 150 0.2
246 62 2 130 0.2
248 62 2 70 0.2
302 62 9.3984375 -60 0.2
304 62 4.703125 -160 0.2
306 62 5.1015625 170 0.2
308 62 6.1015625 160 0.2
310 62 5.6015625 130 0.2
320 62 7.8984375 -120 0.2
322 62 9.3984375 -50 0.2
324 62 9.3984375 -30 0.2
326 62 9.3984375 -20 0.2
328 62 9.3984375 -20 0.2
330 62 9.3984375 -10 0.2
332 62 9.3984375 0 0.2
334 62 9.3984375 0 0.2
336 62 9.3984375 0 0.2
338 62 9.3984375 10 0.2
340 62 9.3984375 20 0.2
342 62 9.3984375 30 0.2
344 62 9.3984375 40 0.2
346 62 9.3984375 50 0.2
348 62 10.296875 60 0.2
350 62 10.296875 70 0.2
352 62 10.296875 70 0.2
354 62 10.296875 70 0.2
356 62 10.296875 80 0.2
358 62 10.296875 90 0.2
360 62 11.203125 90 0.2
0 60 11.203125 100 0.2
2 60 11.203125 110 0.2
4 60 11.203125 110 0.2
20 60 2 -70 0.2
22 60 2 -70 0.2
24 60 2 -80 0.2
26 60 2 -70 0.2
28 60 2 -110 0.2
30 60 2 110 0.2
156 60 2 10 0.2
158 60 2 40 0.2
160 60 2 50 0.2
164 60 4 -30 0.2
166 60 8.6015625 0 0.2
168 60 7.8984375 0 0.2
170 60 7.8984375 -10 0.2
172 60 8.6015625 -10 0.2
174 60 9.3984375 0 0.2
176 60 9.3984375 -10 0.2
178 60 9.3984375 0 0.2
180 60 9.3984375 0 0.2
182 60 10.296875 10 0.2
184 60 10.296875 30 0.2
186 60 10.296875 50 0.2
188 60 10.296875 90 0.2
190 60 6.1015625 140 0.2
192 60 6.1015625 150 0.2
208 60 4.703125 -150 0.2
212 60 7.8984375 -10 0.2
214 60 7.296875 -30 0.2
216 60 7.296875 -20 0.2
218 60 8.6015625 0 0.2
258 60 2 -40 0.2
260 60 4 -40 0.2
290 60 2 -170 0.2
302 60 9.3984375 -120 0.2
304 60 5.1015625 -170 0.2
306 60 5.1015625 170 0.2
308 60 5.1015625 160 0.2
310 60 5.6015625 140 0.2
312 60 5.6015625 120 0.2
314 60 6.1015625 110 0.2
318 60 8.6015625 -140 0.2
320 60 10.296875 -40 0.2
322 60 10.296875 -20 0.2
324 60 10.296875 -10 0.2
326 60 10.296875 0 0.2
328 60 10.296875 0 0.2
330 60 10.296875 0 0.2
332 60 10.296875 10 0.2
334 60 10.296875 10 0.2
336 60 9.3984375 10 0.2
338 60 9.3984375 20 0.2
340 60 9.3984375 20 0.2
342 60 9.3984375 30 0.2
344 60 9.3984375 40 0.2
346 60 9.3984375 60 0.2
348 60 10.296875 70 0.2
350 60 10.296875 80 0.2
352 60 10.296875 90 0.2
354 60 10.296875 90 0.2
356 60 10.296875 100 0.2
358 60 11.203125 100 0.2
360 60 11.203125 100 0.2
0 58 5.1015625 -170 0.2
2 58 11.203125 150 0.2
4 58 12.203125 130 0.2
6 58 12.203125 120 0.2
8 58 12.203125 110 0.2
10 58 12.203125 110 0.2
16 58 2 -100 0.2
18 58 4.703125 -110 0.2
20 58 4.703125 -110 0.2
22 58 2 -100 0.2
24 58 4 -80 0.2
28 58 2 -90 0.2
142 58 5.1015625 30 0.2
144 58 5.1015625 40 0.2
146 58 4.703125 40 0.2
148 58 4.703125 20 0.2
150 58 7.296875 0 0.2
152 58 7.296875 0 0.2
154 58 7.296875 10 0.2
156 58 2 30 0.2
158 58 2 60 0.2
162 58 2 -150 0.2
164 58 7.8984375 -20 0.2
166 58 7.8984375 0 0.2
168 58 7.8984375 0 0.2
170 58 7.8984375 -30 0.2
172 58 7.8984375 -50 0.2
174 58 7.296875 -50 0.2
176 58 7.296875 -40 0.2
178 58 9.3984375 -30 0.2
180 58 9.3984375 -20 0.2
182 58 9.3984375 -20 0.2
184 58 6.1015625 -170 0.2
186 58 6.1015625 170 0.2
188 58 6.703125 150 0.2
190 58 6.703125 130 0.2
192 58 10.296875 100 0.2
194 58 10.296875 60 0.2
196 58 11.203125 60 0.2
198 58 11.203125 60 0.2
200 58 11.203125 60 0.2
202 58 4 130 0.2
206 58 5.1015625 -150 0.2
208 58 6.703125 -60 0.2
210 58 8.6015625 10 0.2
212 58 8.6015625 20 0.2
214 58 8.6015625 30 0.2
216 58 8.6015625 30 0.2
218 58 8.6015625 30 0.2
220 58 8.6015625 20 0.2
222 58 8.6015625 30 0.2
226 58 2 -10 0.2
302 58 8.6015625 -150 0.2
304 58 5.1015625 -180 0.2
306 58 5.6015625 -180 0.2
308 58 8.6015625 -180 0.2
310 58 8.6015625 -140 0.2
312 58 8.6015625 -130 0.2
314 58 9.3984375 -160 0.2
316 58 8.6015625 160 0.2
318 58 8.6015625 130 0.2
320 58 7.8984375 40 0.2
322 58 10.296875 20 0.2
324 58 10.296875 20 0.2
326 58 10.296875 20 0.2
328 58 10.296875 10 0.2
330 58 11.203125 10 0.2
332 58 10.296875 20 0.2
334 58 10.296875 20 0.2
336 58 10.296875 20 0.2
338 58 9.3984375 20 0.2
340 58 8.6015625 30 0.2
342 58 9.3984375 40 0.2
344 58 9.3984375 60 0.2
346 58 9.3984375 80 0.2
348 58 10.296875 90 0.2
350 58 10.296875 100 0.2
352 58 10.296875 110 0.2
354 58 5.1015625 -180 0.2
358 58 5.1015625 -140 0.2
360 58 5.1015625 -170 0.2
0 56 5.6015625 -100 0.2
2 56 6.1015625 -100 0.2
4 56 5.1015625 -110 0.2
6 56 12.203125 -180 0.2
8 56 12.203125 140 0.2
16 56 5.1015625 -130 0.2
18 56 5.1015625 -130 0.2
20 56 4 -130 0.2
138 56 4 20 0.2
140 56 4.703125 50 0.2
142 56 4 40 0.2
144 56 6.1015625 -40 0.2
146 56 6.1015625 -30 0.2
148 56 7.296875 -20 0.2
150 56 6.703125 -20 0.2
152 56 6.703125 -10 0.2
154 56 6.703125 0 0.2
164 56 7.296875 10 0.2
166 56 7.296875 20 0.2
168 56 7.8984375 -10 0.2
170 56 7.8984375 -80 0.2
172 56 7.8984375 -110 0.2
174 56 7.8984375 -110 0.2
176 56 7.296875 -110 0.2
178 56 7.296875 -110 0.2
180 56 7.296875 -140 0.2
182 56 6.703125 170 0.2
184 56 6.703125 160 0.2
186 56 6.1015625 150 0.2
188 56 10.296875 120 0.2
190 56 10.296875 90 0.2
192 56 10.296875 90 0.2
194 56 11.203125 70 0.2
196 56 11.203125 70 0.2
198 56 11.203125 100 0.2
202 56 9.3984375 10 0.2
204 56 11.203125 40 0.2
206 56 11.203125 40 0.2
208 56 10.296875 50 0.2
210 56 9.3984375 50 0.2
212 56 9.3984375 50 0.2
214 56 9.3984375 50 0.2
216 56 9.3984375 50 0.2
218 56 8.6015625 40 0.2
220 56 8.6015625 40 0.2
222 56 8.6015625 40 0.2
224 56 8.6015625 40 0.2
226 56 8.6015625 50 0.2
228 56 2 -20 0.2
236 56 2 40 0.2
286 56 2 170 0.2
288 56 2 -180 0.2
304 56 5.6015625 -170 0.2
306 56 8.6015625 -160 0.2
308 56 8.6015625 -130 0.2
310 56 8.6015625 -140 0.2
312 56 8.6015625 -150 0.2
314 56 7.8984375 -180 0.2
316 56 8.6015625 150 0.2
318 56 9.3984375 110 0.2
320 56 8.6015625 70 0.2
322 56 9.3984375 40 0.2
324 56 10.296875 30 0.2
326 56 10.296875 20 0.2
328 56 11.203125 20 0.2
330 56 11.203125 20 0.2
332 56 10.296875 20 0.2
334 56 10.296875 20 0.2
336 56 9.3984375 30 0.2
338 56 9.3984375 30 0.2
340 56 8.6015625 40 0.2
342 56 9.3984375 60 0.2
344 56 9.3984375 80 0.2
346 56 9.3984375 100 0.2
348 56 10.296875 120 0.2
350 56 10.296875 130 0.2
352 56 10.296875 130 0.2
354 56 10.296875 110 0.2
358 56 5.6015625 -150 0.2
360 56 5.6015625 -100 0.2
0 54 6.1015625 -120 0.2
2 54 6.1015625 -110 0.2
4 54 6.1015625 -100 0.2
6 54 5.6015625 -110 0.2
8 54 4.703125 -120 0.2
14 54 5.1015625 -130 0.2
144 54 5.6015625 -80 0.2
146 54 5.1015625 -80 0.2
148 54 5.1015625 -80 0.2
150 54 6.1015625 -40 0.2
152 54 6.1015625 -30 0.2
154 54 6.1015625 -10 0.2
160 54 7.296875 -30 0.2
162 54 7.296875 -20 0.2
164 54 7.8984375 -10 0.2
166 54 8.6015625 -40 0.2
168 54 8.6015625 -120 0.2
170 54 7.8984375 -140 0.2
172 54 7.8984375 -160 0.2
174 54 7.8984375 -160 0.2
176 54 7.8984375 -180 0.2
178 54 7.8984375 170 0.2
180 54 7.296875 140 0.2
182 54 7.296875 130 0.2
184 54 6.703125 130 0.2
186 54 6.1015625 130 0.2
188 54 9.3984375 110 0.2
190 54 10.296875 90 0.2
192 54 10.296875 110 0.2
194 54 4.703125 70 0.2
196 54 10.296875 40 0.2
198 54 11.203125 50 0.2
200 54 11.203125 50 0.2
202 54 11.203125 50 0.2
204 54 11.203125 60 0.2
206 54 11.203125 60 0.2
208 54 11.203125 60 0.2
210 54 11.203125 60 0.2
212 54 9.3984375 60 0.2
214 54 9.3984375 60 0.2
216 54 9.3984375 60 0.2
218 54 9.3984375 50 0.2
220 54 9.3984375 50 0.2
222 54 8.6015625 50 0.2
224 54 8.6015625 60 0.2
226 54 8.6015625 60 0.2
296 54 2 -100 0.2
308 54 7.8984375 -120 0.2
310 54 7.8984375 -140 0.2
312 54 7.8984375 -150 0.2
314 54 7.8984375 170 0.2
316 54 8.6015625 140 0.2
318 54 8.6015625 100 0.2
320 54 9.3984375 60 0.2
322 54 9.3984375 40 0.2
324 54 10.296875 30 0.2
326 54 10.296875 20 0.2
328 54 10.296875 20 0.2
330 54 11.203125 20 0.2
332 54 10.296875 20 0.2
334 54 10.296875 30 0.2
336 54 9.3984375 30 0.2
338 54 9.3984375 40 0.2
340 54 9.3984375 60 0.2
342 54 9.3984375 80 0.2
344 54 9.3984375 100 0.2
346 54 9.3984375 130 0.2
348 54 10.296875 140 0.2
354 54 4.703125 -130 0.2
356 54 4.703125 -150 0.2
360 54 6.1015625 -120 0.2
2 52 6.1015625 -150 0.2
4 52 2 -170 0.2
106 52 4 60 0.2
144 52 5.6015625 -130 0.2
146 52 5.6015625 -110 0.2
148 52 5.6015625 -50 0.2
150 52 6.1015625 -30 0.2
152 52 6.1015625 -30 0.2
154 52 6.1015625 -20 0.2
156 52 6.1015625 0 0.2
160 52 7.296875 -40 0.2
162 52 7.296875 -40 0.2
164 52 9.3984375 -60 0.2
166 52 9.3984375 -100 0.2
168 52 8.6015625 -140 0.2
170 52 8.6015625 -160 0.2
172 52 7.8984375 -180 0.2
174 52 7.8984375 -180 0.2
176 52 7.8984375 160 0.2
178 52 7.8984375 -180 0.2
180 52 7.8984375 140 0.2
182 52 7.8984375 120 0.2
184 52 7.296875 150 0.2
186 52 6.1015625 160 0.2
188 52 9.3984375 100 0.2
190 52 10.296875 80 0.2
192 52 10.296875 80 0.2
194 52 10.296875 70 0.2
196 52 11.203125 70 0.2
198 52 11.203125 70 0.2
200 52 11.203125 70 0.2
202 52 11.203125 70 0.2
204 52 12.203125 70 0.2
206 52 12.203125 70 0.2
208 52 12.203125 70 0.2
210 52 11.203125 70 0.2
212 52 10.296875 60 0.2
214 52 9.3984375 60 0.2
216 52 9.3984375 60 0.2
218 52 9.3984375 60 0.2
220 52 9.3984375 60 0.2
222 52 9.3984375 60 0.2
224 52 9.3984375 70 0.2
226 52 9.3984375 70 0.2
228 52 9.3984375 70 0.2
230 52 9.3984375 60 0.2
262 52 2 -180 0.2
306 52 7.8984375 -60 0.2
308 52 7.8984375 -100 0.2
310 52 7.8984375 -140 0.2
312 52 7.8984375 -180 0.2
314 52 8.6015625 150 0.2
316 52 8.6015625 130 0.2
318 52 8.6015625 90 0.2
320 52 9.3984375 50 0.2
322 52 9.3984375 30 0.2
324 52 10.296875 20 0.2
326 52 10.296875 20 0.2
328 52 10.296875 20 0.2
330 52 10.296875 30 0.2
332 52 10.296875 30 0.2
334 52 10.296875 40 0.2
336 52 9.3984375 40 0.2
338 52 9.3984375 60 0.2
340 52 9.3984375 80 0.2
342 52 9.3984375 100 0.2
344 52 9.3984375 130 0.2
346 52 9.3984375 150 0.2
348 52 6.703125 150 0.2
354 52 5.6015625 -170 0.2
0 50 4 150 0.2
142 50 5.1015625 160 0.2
144 50 5.6015625 -130 0.2
146 50 5.1015625 -80 0.2
148 50 8.6015625 -40 0.2
150 50 8.6015625 -30 0.2
152 50 8.6015625 -30 0.2
154 50 6.1015625 -30 0.2
156 50 8.6015625 -50 0.2
158 50 9.3984375 -50 0.2
160 50 9.3984375 -50 0.2
162 50 9.3984375 -50 0.2
164 50 9.3984375 -60 0.2
166 50 9.3984375 -90 0.2
168 50 9.3984375 -130 0.2
170 50 9.3984375 -170 0.2
172 50 8.6015625 -180 0.2
174 50 8.6015625 170 0.2
176 50 8.6015625 150 0.2
178 50 7.8984375 140 0.2
180 50 8.6015625 130 0.2
182 50 8.6015625 120 0.2
184 50 8.6015625 110 0.2
186 50 8.6015625 110 0.2
188 50 9.3984375 100 0.2
190 50 10.296875 90 0.2
192 50 10.296875 90 0.2
194 50 10.296875 80 0.2
196 50 11.203125 80 0.2
198 50 11.203125 80 0.2
200 50 11.203125 80 0.2
202 50 11.203125 80 0.2
204 50 12.203125 80 0.2
206 50 12.203125 80 0.2
208 50 12.203125 80 0.2
210 50 11.203125 70 0.2
212 50 9.3984375 60 0.2
214 50 9.3984375 60 0.2
216 50 9.3984375 60 0.2
218 50 9.3984375 60 0.2
220 50 9.3984375 60 0.2
222 50 9.3984375 70 0.2
224 50 9.3984375 70 0.2
226 50 9.3984375 70 0.2
228 50 9.3984375 80 0.2
230 50 9.3984375 80 0.2
232 50 9.3984375 70 0.2
294 50 4.703125 -80 0.2
296 50 5.1015625 -70 0.2
298 50 6.1015625 -50 0.2
300 50 6.1015625 -40 0.2
302 50 4 60 0.2
304 50 7.296875 -100 0.2
306 50 4.703125 -70 0.2
308 50 7.8984375 -80 0.2
310 50 7.8984375 -150 0.2
312 50 8.6015625 170 0.2
314 50 8.6015625 140 0.2
316 50 8.6015625 110 0.2
318 50 8.6015625 80 0.2
320 50 9.3984375 50 0.2
322 50 9.3984375 30 0.2
324 50 10.296875 30 0.2
326 50 10.296875 30 0.2
328 50 10.296875 30 0.2
330 50 10.296875 30 0.2
332 50 10.296875 40 0.2
334 50 9.3984375 40 0.2
336 50 9.3984375 60 0.2
338 50 9.3984375 80 0.2
340 50 9.3984375 110 0.2
342 50 9.3984375 130 0.2
344 50 7.296875 160 0.2
346 50 7.296875 160 0.2
348 50 7.296875 150 0.2
350 50 10.296875 140 0.2
352 50 10.296875 130 0.2
354 50 10.296875 130 0.2
356 50 10.296875 100 0.2
358 50 10.296875 90 0.2
360 50 4 150 0.2
84 48 4 -70 0.2
140 48 6.703125 -140 0.2
142 48 6.703125 150 0.2
144 48 6.1015625 -150 0.2
146 48 5.1015625 -80 0.2
148 48 9.3984375 -40 0.2
150 48 9.3984375 -40 0.2
152 48 9.3984375 -40 0.2
154 48 9.3984375 -30 0.2
156 48 9.3984375 -40 0.2
158 48 9.3984375 -50 0.2
160 48 8.6015625 -50 0.2
162 48 8.6015625 -50 0.2
164 48 7.8984375 -50 0.2
166 48 9.3984375 -50 0.2
168 48 9.3984375 -80 0.2
170 48 9.3984375 -150 0.2
172 48 9.3984375 170 0.2
174 48 9.3984375 160 0.2
176 48 8.6015625 150 0.2
178 48 8.6015625 130 0.2
180 48 8.6015625 120 0.2
182 48 8.6015625 120 0.2
184 48 8.6015625 110 0.2
186 48 8.6015625 110 0.2
188 48 9.3984375 100 0.2
190 48 9.3984375 100 0.2
192 48 10.296875 90 0.2
194 48 10.296875 90 0.2
196 48 11.203125 90 0.2
198 48 11.203125 90 0.2
200 48 11.203125 90 0.2
202 48 11.203125 80 0.2
204 48 12.203125 80 0.2
206 48 9.3984375 70 0.2
208 48 8.6015625 60 0.2
210 48 8.6015625 60 0.2
212 48 8.6015625 60 0.2
214 48 9.3984375 60 0.2
216 48 9.3984375 60 0.2
218 48 9.3984375 60 0.2
220 48 9.3984375 70 0.2
222 48 9.3984375 70 0.2
224 48 9.3984375 80 0.2
226 48 9.3984375 80 0.2
228 48 9.3984375 80 0.2
230 48 9.3984375 80 0.2
232 48 10.296875 80 0.2
234 48 10.296875 80 0.2
272 48 4 40 0.2
274 48 4.703125 20 0.2
294 48 2 -90 0.2
296 48 5.1015625 -50 0.2
298 48 6.1015625 0 0.2
300 48 6.1015625 10 0.2
308 48 8.6015625 -30 0.2
310 48 8.6015625 -180 0.2
312 48 8.6015625 150 0.2
314 48 8.6015625 120 0.2
316 48 8.6015625 90 0.2
318 48 9.3984375 70 0.2
320 48 9.3984375 50 0.2
322 48 9.3984375 40 0.2
324 48 9.3984375 40 0.2
326 48 9.3984375 30 0.2
328 48 9.3984375 40 0.2
330 48 9.3984375 40 0.2
332 48 9.3984375 40 0.2
334 48 9.3984375 50 0.2
336 48 9.3984375 70 0.2
338 48 9.3984375 110 0.2
340 48 9.3984375 140 0.2
342 48 7.296875 160 0.2
344 48 7.296875 170 0.2
346 48 7.8984375 160 0.2
348 48 9.3984375 150 0.2
350 48 10.296875 150 0.2
352 48 10.296875 140 0.2
354 48 10.296875 140 0.2
32 46 4 -150 0.2
34 46 2 -180 0.2
36 46 4 -140 0.2
38 46 2 -180 0.2
50 46 5.1015625 -10 0.2
52 46 2 10 0.2
60 46 2 40 0.2
74 46 2 -70 0.2
82 46 2 -80 0.2
138 46 5.6015625 -10 0.2
140 46 6.1015625 -170 0.2
144 46 6.1015625 170 0.2
146 46 5.1015625 100 0.2
148 46 4 50 0.2
152 46 9.3984375 -20 0.2
154 46 9.3984375 -30 0.2
156 46 9.3984375 -40 0.2
158 46 9.3984375 -40 0.2
160 46 9.3984375 -40 0.2
162 46 8.6015625 -40 0.2
164 46 8.6015625 -40 0.2
166 46 7.8984375 -40 0.2
168 46 9.3984375 -50 0.2
170 46 9.3984375 -60 0.2
172 46 9.3984375 -160 0.2
174 46 9.3984375 150 0.2
176 46 9.3984375 130 0.2
178 46 8.6015625 110 0.2
180 46 8.6015625 110 0.2
182 46 8.6015625 100 0.2
184 46 8.6015625 100 0.2
186 46 9.3984375 100 0.2
188 46 9.3984375 100 0.2
190 46 9.3984375 100 0.2
192 46 9.3984375 90 0.2
194 46 9.3984375 90 0.2
196 46 9.3984375 80 0.2
198 46 9.3984375 80 0.2
200 46 9.3984375 70 0.2
202 46 9.3984375 70 0.2
204 46 9.3984375 70 0.2
206 46 9.3984375 70 0.2
208 46 9.3984375 60 0.2
210 46 9.3984375 60 0.2
212 46 8.6015625 60 0.2
214 46 8.6015625 60 0.2
216 46 9.3984375 60 0.2
218 46 9.3984375 70 0.2
220 46 9.3984375 80 0.2
222 46 9.3984375 80 0.2
224 46 9.3984375 90 0.2
226 46 9.3984375 90 0.2
228 46 9.3984375 90 0.2
230 46 10.296875 90 0.2
232 46 10.296875 80 0.2
234 46 10.296875 90 0.2
236 46 10.296875 110 0.2
278 46 2 20 0.2
294 46 2 50 0.2
296 46 2 30 0.2
298 46 2 50 0.2
302 46 7.8984375 30 0.2
304 46 7.296875 20 0.2
306 46 8.6015625 10 0.2
308 46 8.6015625 30 0.2
310 46 9.3984375 110 0.2
312 46 9.3984375 110 0.2
314 46 9.3984375 90 0.2
316 46 9.3984375 70 0.2
318 46 9.3984375 60 0.2
320 46 9.3984375 50 0.2
322 46 10.296875 50 0.2
324 46 10.296875 50 0.2
326 46 9.3984375 40 0.2
328 46 8.6015625 40 0.2
330 46 8.6015625 40 0.2
332 46 9.3984375 50 0.2
334 46 9.3984375 70 0.2
336 46 9.3984375 120 0.2
338 46 9.3984375 150 0.2
340 46 7.296875 170 0.2
342 46 7.296875 -180 0.2
344 46 7.8984375 170 0.2
346 46 8.6015625 160 0.2
348 46 9.3984375 160 0.2
350 46 10.296875 150 0.2
352 46 10.296875 150 0.2
354 46 11.203125 140 0.2
356 46 11.203125 130 0.2
358 46 11.203125 120 0.2
10 44 2 60 0.2
14 44 2 170 0.2
30 44 4.703125 -160 0.2
32 44 4.703125 -170 0.2
34 44 2 -140 0.2
36 44 4 -150 0.2
38 44 4 -160 0.2
48 44 6.1015625 -50 0.2
50 44 5.6015625 -30 0.2
60 44 2 -140 0.2
136 44 6.1015625 -30 0.2
138 44 5.6015625 40 0.2
140 44 5.6015625 120 0.2
146 44 9.3984375 -40 0.2
148 44 9.3984375 -20 0.2
150 44 9.3984375 -20 0.2
152 44 9.3984375 -20 0.2
154 44 9.3984375 -30 0.2
156 44 9.3984375 -30 0.2
158 44 9.3984375 -30 0.2
160 44 9.3984375 -10 0.2
162 44 8.6015625 0 0.2
164 44 8.6015625 0 0.2
166 44 8.6015625 -10 0.2
168 44 8.6015625 -30 0.2
170 44 8.6015625 -40 0.2
172 44 9.3984375 -30 0.2
174 44 9.3984375 40 0.2
176 44 9.3984375 80 0.2
178 44 9.3984375 80 0.2
180 44 9.3984375 80 0.2
182 44 9.3984375 80 0.2
184 44 9.3984375 80 0.2
186 44 9.3984375 90 0.2
188 44 9.3984375 90 0.2
190 44 9.3984375 90 0.2
192 44 9.3984375 90 0.2
194 44 9.3984375 80 0.2
196 44 9.3984375 80 0.2
198 44 10.296875 80 0.2
200 44 10.296875 80 0.2
202 44 10.296875 80 0.2
204 44 9.3984375 70 0.2
206 44 9.3984375 70 0.2
208 44 9.3984375 70 0.2
210 44 8.6015625 70 0.2
212 44 8.6015625 70 0.2
214 44 8.6015625 70 0.2
216 44 9.3984375 70 0.2
218 44 9.3984375 80 0.2
220 44 9.3984375 90 0.2
222 44 9.3984375 90 0.2
224 44 9.3984375 90 0.2
226 44 9.3984375 90 0.2
228 44 10.296875 90 0.2
230 44 10.296875 90 0.2
232 44 10.296875 100 0.2
234 44 10.296875 110 0.2
278 44 4 0 0.2
292 44 6.703125 40 0.2
296 44 7.8984375 30 0.2
298 44 7.8984375 40 0.2
300 44 7.8984375 50 0.2
302 44 7.8984375 40 0.2
304 44 7.296875 30 0.2
306 44 8.6015625 30 0.2
308 44 9.3984375 70 0.2
310 44 9.3984375 100 0.2
312 44 9.3984375 90 0.2
314 44 9.3984375 80 0.2
316 44 9.3984375 70 0.2
318 44 10.296875 60 0.2
320 44 10.296875 60 0.2
322 44 10.296875 60 0.2
324 44 10.296875 50 0.2
326 44 9.3984375 50 0.2
328 44 7.296875 50 0.2
330 44 7.296875 50 0.2
332 44 7.8984375 60 0.2
334 44 9.3984375 140 0.2
336 44 7.296875 170 0.2
338 44 7.296875 -180 0.2
340 44 7.296875 -170 0.2
342 44 7.296875 -180 0.2
344 44 7.296875 -180 0.2
346 44 7.296875 170 0.2
348 44 7.296875 160 0.2
350 44 10.296875 160 0.2
352 44 10.296875 150 0.2
354 44 11.203125 140 0.2
356 44 11.203125 130 0.2
358 44 11.203125 120 0.2
4 42 6.1015625 -40 0.2
6 42 5.6015625 -30 0.2
8 42 2 -10 0.2
10 42 2 -180 0.2
16 42 4.703125 140 0.2
18 42 4 120 0.2
30 42 5.1015625 -130 0.2
32 42 5.1015625 -130 0.2
34 42 2 -150 0.2
36 42 2 -180 0.2
38 42 2 150 0.2
40 42 2 140 0.2
50 42 5.1015625 -60 0.2
52 42 2 -50 0.2
132 42 4 -40 0.2
134 42 4 -60 0.2
136 42 6.703125 -10 0.2
138 42 7.296875 50 0.2
140 42 7.296875 60 0.2
142 42 9.3984375 -10 0.2
144 42 9.3984375 -30 0.2
146 42 9.3984375 -10 0.2
148 42 8.6015625 -10 0.2
150 42 8.6015625 0 0.2
152 42 8.6015625 0 0.2
154 42 8.6015625 10 0.2
156 42 8.6015625 -10 0.2
158 42 8.6015625 0 0.2
160 42 8.6015625 30 0.2
162 42 8.6015625 50 0.2
164 42 8.6015625 40 0.2
166 42 7.8984375 20 0.2
168 42 8.6015625 -10 0.2
170 42 8.6015625 -30 0.2
172 42 8.6015625 -30 0.2
174 42 8.6015625 -10 0.2
176 42 9.3984375 20 0.2
178 42 9.3984375 40 0.2
180 42 9.3984375 50 0.2
182 42 9.3984375 60 0.2
184 42 9.3984375 70 0.2
186 42 9.3984375 80 0.2
188 42 9.3984375 80 0.2
190 42 9.3984375 80 0.2
192 42 9.3984375 90 0.2
194 42 10.296875 80 0.2
196 42 10.296875 80 0.2
198 42 10.296875 80 0.2
200 42 9.3984375 80 0.2
202 42 9.3984375 80 0.2
204 42 9.3984375 80 0.2
206 42 8.6015625 80 0.2
208 42 8.6015625 80 0.2
210 42 8.6015625 80 0.2
212 42 8.6015625 80 0.2
214 42 8.6015625 80 0.2
216 42 9.3984375 80 0.2
218 42 9.3984375 90 0.2
220 42 9.3984375 90 0.2
222 42 9.3984375 100 0.2
224 42 9.3984375 100 0.2
226 42 10.296875 100 0.2
228 42 10.296875 90 0.2
230 42 10.296875 100 0.2
232 42 10.296875 120 0.2
234 42 11.203125 130 0.2
278 42 2 0 0.2
290 42 6.1015625 30 0.2
292 42 6.703125 50 0.2
294 42 7.296875 50 0.2
296 42 7.296875 50 0.2
298 42 7.8984375 60 0.2
300 42 7.296875 50 0.2
302 42 7.296875 40 0.2
304 42 7.8984375 50 0.2
306 42 8.6015625 60 0.2
308 42 8.6015625 90 0.2
310 42 8.6015625 100 0.2
312 42 8.6015625 90 0.2
314 42 8.6015625 80 0.2
316 42 9.3984375 70 0.2
318 42 10.296875 70 0.2
320 42 10.296875 70 0.2
322 42 10.296875 70 0.2
324 42 10.296875 70 0.2
326 42 9.3984375 70 0.2
328 42 8.6015625 60 0.2
330 42 7.8984375 70 0.2
332 42 7.8984375 -180 0.2
334 42 7.8984375 -170 0.2
336 42 7.8984375 -170 0.2
338 42 7.8984375 -170 0.2
340 42 7.8984375 -170 0.2
342 42 7.8984375 -170 0.2
344 42 7.8984375 -180 0.2
346 42 7.8984375 -180 0.2
348 42 7.8984375 170 0.2
350 42 7.8984375 160 0.2
2 40 6.1015625 0 0.2
6 40 6.1015625 -40 0.2
8 40 5.6015625 -30 0.2
10 40 2 -70 0.2
12 40 2 150 0.2
14 40 2 130 0.2
18 40 2 -160 0.2
24 40 4.703125 -130 0.2
26 40 4.703125 -160 0.2
50 40 2 -90 0.2
52 40 2 -80 0.2
120 40 4 20 0.2
128 40 2 -50 0.2
130 40 4.703125 -10 0.2
132 40 4 -10 0.2
134 40 6.1015625 40 0.2
136 40 6.703125 60 0.2
138 40 6.703125 70 0.2
142 40 9.3984375 -70 0.2
144 40 9.3984375 -30 0.2
146 40 7.296875 -10 0.2
148 40 7.296875 0 0.2
150 40 7.296875 10 0.2
152 40 7.296875 20 0.2
154 40 7.8984375 10 0.2
156 40 7.8984375 0 0.2
158 40 8.6015625 30 0.2
160 40 7.8984375 60 0.2
162 40 8.6015625 70 0.2
164 40 7.8984375 50 0.2
166 40 8.6015625 -10 0.2
168 40 8.6015625 -30 0.2
170 40 8.6015625 -40 0.2
172 40 8.6015625 -30 0.2
174 40 8.6015625 -20 0.2
176 40 8.6015625 0 0.2
178 40 9.3984375 20 0.2
180 40 9.3984375 40 0.2
182 40 9.3984375 60 0.2
184 40 9.3984375 70 0.2
186 40 9.3984375 80 0.2
188 40 9.3984375 90 0.2
190 40 10.296875 90 0.2
192 40 10.296875 80 0.2
194 40 10.296875 80 0.2
196 40 8.6015625 80 0.2
198 40 7.8984375 80 0.2
200 40 7.8984375 80 0.2
202 40 7.8984375 80 0.2
204 40 7.8984375 80 0.2
206 40 7.8984375 80 0.2
208 40 8.6015625 80 0.2
210 40 8.6015625 90 0.2
212 40 8.6015625 90 0.2
214 40 8.6015625 90 0.2
216 40 9.3984375 100 0.2
218 40 9.3984375 100 0.2
220 40 9.3984375 100 0.2
222 40 9.3984375 100 0.2
224 40 10.296875 100 0.2
226 40 10.296875 100 0.2
228 40 10.296875 110 0.2
230 40 11.203125 120 0.2
232 40 11.203125 130 0.2
234 40 11.203125 130 0.2
286 40 5.1015625 10 0.2
288 40 5.6015625 30 0.2
290 40 6.1015625 50 0.2
292 40 6.1015625 50 0.2
294 40 6.1015625 60 0.2
296 40 6.703125 60 0.2
298 40 6.703125 60 0.2
300 40 7.296875 50 0.2
302 40 7.8984375 60 0.2
304 40 7.8984375 70 0.2
306 40 8.6015625 90 0.2
308 40 8.6015625 100 0.2
310 40 8.6015625 100 0.2
312 40 8.6015625 90 0.2
314 40 9.3984375 80 0.2
316 40 9.3984375 80 0.2
318 40 10.296875 70 0.2
320 40 10.296875 70 0.2
322 40 10.296875 70 0.2
324 40 9.3984375 80 0.2
326 40 8.6015625 90 0.2
328 40 8.6015625 100 0.2
330 40 7.8984375 -170 0.2
332 40 8.6015625 -160 0.2
334 40 8.6015625 -170 0.2
336 40 8.6015625 -170 0.2
338 40 8.6015625 -170 0.2
340 40 8.6015625 -170 0.2
342 40 8.6015625 -170 0.2
344 40 8.6015625 -180 0.2
346 40 8.6015625 -180 0.2
348 40 8.6015625 170 0.2
350 40 9.3984375 150 0.2
